1 1
2 1
3 2
4 2
6 3
7 3
9 4
10 5
11 5
12 6
13 6
14 7
15 7
16 8
17 8
18 8
19 9
20 10
21 10
22 10
23 11
24 12
25 12
26 12
27 13
28 14
29 14
30 14
31 15
32 16
33 16
34 16
35 17
36 16
36 18
37 17
38 18
39 19
40 18
40 20
41 19
42 20
43 20
44 20
45 21
46 20
46 22
47 22
48 22
49 22
50 22
50 24
51 23
52 24
53 24
54 24
54 26
55 25
56 26
57 26
58 26
58 28
59 27
60 28
61 28
62 28
63 29
64 28
64 30
65 29
66 30
67 30
68 30
69 31
70 30
70 32
71 31
72 32
73 32
74 32
74 34
75 33
76 34
77 34
78 34
78 36
79 35
80 34
80 36
81 35
82 36
83 36
84 36
84 38
85 37
86 36
86 38
87 38
88 38
89 39
90 40
91 40
92 40
92 42
93 41
94 40
94 42
95 42
96 42
96 44
97 42
98 42
98 44
99 44
100 44
101 44
102 44
102 46
103 45
104 44
104 46
105 46
106 46
106 48
107 47
108 46
108 48
109 47
110 46
110 48
111 48
112 48
112 50
113 49
114 48
114 50
115 50
116 50
117 50
118 50
119 50
120 50
120 52
121 51
122 50
122 52
123 51
124 50
124 52
124 54
125 52
126 52
126 54
127 53
128 54
129 54
130 54
130 56
131 54
132 54
132 56
133 55
134 54
134 56
135 56
136 54
136 56
136 58
137 56
138 56
138 58
139 57
140 58
141 59
142 58
142 60
143 60
144 62
145 60
146 60
148 60
149 62
150 62
151 63
152 62
153 63
154 62
154 64
155 64
156 64
156 66
157 64
158 64
158 66
159 65
160 64
160 66
161 66
162 66
162 68
163 66
164 66
164 68
165 67
166 68
167 68
168 68
168 70
169 69
170 68
170 70
171 70
172 70
173 70
174 70
175 71
176 70
176 72
177 72
178 72
179 72
180 72
180 74
181 73
182 74
183 74
184 74
184 76
185 75
186 74
187 76
188 76
189 76
190 76
191 77
192 76
192 78
193 77
194 78
195 78
196 78
196 80
197 79
198 78
198 80
199 80
200 80
201 80
202 80
203 81
204 80
204 82
205 81
206 82
207 82
208 82
